Elapsed Time:11.259000
dx = 0.025 	 dy = 0.025
Nx = 400 	 Ny = 400
a=10.000000
b=10.000000
T=30
c=1.200000
Cx=0.500000 	 Cy=0.500000